cancer_site,sex,cancer_site_icd10code,incidences_all_ages_2006,incidences_all_ages_2016,crude_rate_2006,crude_rate_2016,easr_2006,easr_2016,wasr_2006,wasr_2016,crude_ten_year_diff,incid_ten_year_diff,easr_ten_year_diff,wasr_ten_year_diff
Bladder,Male,C67,10,12,18.6306474149977,21.6153901577923,20.187097426012,21.1670751731566,7.66372005367227,5.89435979193023,2.9847427427946016,2,0.9799777471446021,-1.7693602617420394
Bladder,Female,C67,5,7,8.74355163067238,11.8615921645711,7.78547420651338,9.34056862637801,3.62757561768906,2.72149303023992,3.1180405338987196,2,1.5550944198646297,-0.90608258744914
Brain and other CNS,Male,"C70-C72, C75.1-C75.3",5,5,9.31532370749884,9.00641256574681,9.28756692913397,7.22270887689914,4.20877238541432,3.78478351481744,-0.30891114175202894,0,-2.06485805223483,-0.42398887059687995
Brain and other CNS,Female,"C70-C72, C75.1-C75.3",2,7,3.49742065226895,11.8615921645711,3.16350423077087,9.11032352448443,2.35230926358191,4.07245158762143,8.36417151230215,5,5.94681929371356,1.7201423240395197
Breast,Male,C50,0,1,0,1.80128251314936,0,1.26611418047882,0,0.69060773480663,1.80128251314936,1,1.26611418047882,0.69060773480663
Breast,Female,C50,68,98,118.912302177144,166.062290303996,106.711168950122,143.909531481733,52.7180718053491,83.1065611894157,47.14998812685201,30,37.19836253161101,30.388489384066602
Colorectal cancer,Male,C18-C20,43,52,80.11178388449,93.6666906837668,87.413209972879,86.2490553609069,33.27803682197,34.1937787677805,13.554906799276807,9,-1.1641546119721085,0.9157419458105025
Colorectal cancer,Female,C18-C20,59,58,103.173909241934,98.2817636493036,93.527204261532,81.3762364828754,40.0686382069378,37.3381365177965,-4.892145592630399,-1,-12.150967778656607,-2.730501689141299
Cervix uteri,Female,C53,6,7,10.4922619568069,11.8615921645711,10.455037274662,10.681218023028,7.38489753192193,8.4237836885065,1.3693302077642002,1,0.22618074836599966,1.03888615658457
Corpus uteri,Female,C54,3,13,5.24613097840343,22.0286711627749,4.98529107643121,17.2719365586606,2.91801238023232,6.5575888860524,16.78254018437147,10,12.286645482229389,3.6395765058200804
Ovary,Female,C56,17,14,29.7280755442861,23.7231843291422,28.4879652192456,20.9620043253873,14.515231923895,14.6187790459693,-6.0048912151439,-3,-7.525960893858297,0.10354712207429984
Head and neck,Male,"C00-C14, C30-C32",15,13,27.9459711224965,23.4166726709417,27.7582383100562,19.3190678419222,13.9745836768593,8.3342224431725,-4.529298451554798,-2,-8.439170468133998,-5.6403612336868
Head and neck,Female,"C00-C14, C30-C32",5,9,8.74355163067238,15.2506184973057,8.22427955223251,12.4302925471963,4.91355878834701,7.89982159585711,6.50706686663332,4,4.206012994963791,2.9862628075100996
Thyroid,Male,C73,1,5,1.86306474149977,9.00641256574681,1.70116246101503,6.86112857323965,1.13410830734335,3.61944395208703,7.143347824247041,4,5.1599661122246205,2.48533564474368
Thyroid,Female,C73,2,8,3.49742065226895,13.5561053309384,5.01991151253642,12.067055101655,6.69321535004856,6.6160586550880804,10.05868467866945,6,7.047143589118581,-0.07715669496047983
Kidney,Male,C64-C65,12,19,22.3567768979972,34.2243677498379,21.6516127917011,29.704322387849,13.5954730104405,11.2244515986549,11.867590851840703,7,8.0527095961479,-2.3710214117856
Kidney,Female,C64-C65,9,8,15.7383929352103,13.5561053309384,13.6888060230119,11.0903704635721,5.43526291212721,4.64819098326058,-2.182287604271899,-1,-2.5984355594397996,-0.7870719288666299
Leukaemias,Male,C91-C95,17,10,31.672100605496,18.0128251314936,32.1300983266863,16.1818511054757,18.7217161450943,8.81966229823508,-13.6592754740024,-7,-15.9482472212106,-9.902053846859221
Leukaemias,Female,C91-C95,16,8,27.9793652181516,13.5561053309384,24.9351102958328,11.8242633260684,12.8132872219425,5.5243510861695,-14.423259887213199,-8,-13.1108469697644,-7.2889361357730005
Liver and intrahepatic bile ducts,Male,C22,5,1,9.31532370749884,1.80128251314936,9.47296972791013,1.73160173160173,3.78618102588499,0.432900432900433,-7.514041194349479,-4,-7.7413679963084,-3.3532805929845573
Liver and intrahepatic bile ducts,Female,C22,1,5,1.74871032613448,8.47256583183651,1.67274939172749,6.65674341669002,0.912408759124088,3.69434257027539,6.72385550570203,4,4.98399402496253,2.7819338111513017
"Trachea, bronchus and lung",Male,C33-C34,55,58,102.468560782487,104.474385762663,113.461471003578,94.6183013373024,44.704523901471,31.6286568770096,2.0058249801760013,3,-18.8431696662756,-13.075867024461399
"Trachea, bronchus and lung",Female,C33-C34,50,50,87.4355163067238,84.7256583183651,77.4082468216572,67.7231448903776,28.4149706518876,25.484306733982802,-2.709857988358692,0,-9.685101931279604,-2.9306639179047984
Prostate,Male,C61,116,112,216.115510013973,201.743641472729,228.561086871206,168.072966328323,97.7198985567064,82.822639449649,-14.371868541243998,-4,-60.488120542882996,-14.897259107057394
"Multiple myeloma, mal plasma cell neo",Male,C90,9,9,16.7675826734979,16.2115426183443,18.1449809681937,14.3246532752101,7.46453647324429,4.00782295830062,-0.5560400551535984,0,-3.8203276929836,-3.4567135149436696
"Multiple myeloma, mal plasma cell neo",Female,C90,11,4,19.2358135874792,6.77805266546921,17.4013805430304,5.57424697450554,6.926012733759,2.45440786356234,-12.457760922009989,-7,-11.827133568524859,-4.471604870196661
Non-Hodgkin lymphoma,Male,C82-C86,16,26,29.8090358639963,46.8333453418834,31.0533538477442,40.4875003492721,16.8423732368357,18.4410820390153,17.0243094778871,10,9.434146501527902,1.5987088021795977
Non-Hodgkin lymphoma,Female,C82-C86,12,12,20.9845239136137,20.3341579964076,18.0688562668067,15.8441382063402,8.08655547153638,6.375102044517,-0.6503659172060985,0,-2.2247180604665022,-1.7114534270193804
Oesophagus,Male,C15,12,13,22.3567768979972,23.4166726709417,27.4681617187953,21.7142619702806,8.60344911950904,8.17798375429514,1.0598957729445004,1,-5.753899748514701,-0.4254653652139009
Oesophagus,Female,C15,9,8,15.7383929352103,13.5561053309384,14.1146063249116,11.5050756168691,5.80159468468279,5.17869558975571,-2.182287604271899,-1,-2.6095307080425005,-0.6228990949270798
Pancreas,Male,C25,8,14,14.9045179319981,25.2179551840911,14.8469389280892,24.2942089104872,7.44422653523367,8.259515822703,10.313437252093,6,9.447269982398,0.8152892874693292
Pancreas,Female,C25,4,10,6.9948413045379,16.945131663673,6.25216066745464,13.7873720646419,3.38451276880667,4.7032291194855,9.9502903591351,6,7.53521139718726,1.3187163506788302
Malignant melanoma of the skin,Male,C43,16,18,29.8090358639963,32.4230852366885,29.3503906280297,29.0470699052992,18.4631175545623,18.0249835370417,2.6140493726922003,2,-0.3033207227305006,-0.4381340175205999
Malignant melanoma of the skin,Female,C43,13,18,22.7332342397482,30.5012369946114,22.7888929451457,26.3968765497247,15.7506340832365,12.6531364487011,7.7680027548632005,5,3.6079836045789975,-3.097497634535401
Stomach,Male,C16,13,8,24.219841639497,14.4102601051949,23.6822653075956,15.7120806964161,11.8818936343963,4.59751464893734,-9.809581534302101,-5,-7.9701846111795,-7.284378985458961
Stomach,Female,C16,5,5,8.74355163067238,8.47256583183651,7.79861813485499,7.00709984238735,2.34337692011396,2.51290100777627,-0.27098579883586993,0,-0.7915182924676394,0.1695240876623103
